           2         537
         100
           0
           2
         132
          65
           2
         131
           2
         197
           2
         263
           2
         329
           2
         395
           2
         461
           2
         527
           2
         593
           2
         659
           2
         725
           2
         791
           2
         857
           2
         923
           2
         989
           2
        1055
           2
        1121
           2
        1187
           2
        1253
           2
        1319
           2
        1385
           2
        1451
           2
        1517
           2
        1583
           2
        1649
           2
        1715
           2
        1781
           2
        1847
           2
        1913
           2
        1979
           2
        2045
           2
        2111
           2
        2177
           2
        2243
           2
        2309
           2
        2375
           2
        2441
           2
        2507
           2
        2573
           2
        2639
           2
        2705
           2
        2771
           2
        2837
           2
        2903
           2
        2969
           2
        3035
           2
        3101
           2
        3167
           2
        3233
           2
        3299
           2
        3365
           2
        3431
           2
        3497
           2
        3563
           2
        3629
           2
        3695
           2
        3761
           2
        3827
           2
        3893
           2
        3959
           2
        4025
           2
        4091
           2
        4157
           2
        4223
           2
        4289
           2
        4355
           2
        4421
           2
        4487
           2
        4553
           2
        4619
           2
        4685
           2
        4751
           2
        4817
           2
        4883
           2
        4949
           2
        5015
           2
        5081
           2
        5147
           2
        5213
           2
        5279
           2
        5345
           2
        5411
           2
        5477
           2
        5543
           2
        5609
           2
        5675
           2
        5741
           2
        5807
           2
        5873
           2
        5939
           2
        6005
           2
        6071
           2
        6137
           2
        6203
           2
        6269
           2
        6335
           2
        6401
           2
        6467
           2
        6533
           2
        6599
           2
        6665
           2
        6731
           2
        6797
           2
        6863
           2
        6929
           2
        6995
           2
        7061
           2
        7127
           2
        7193
           2
        7259
           2
        7325
           2
        7391
           2
        7457
           2
        7523
           2
        7589
           2
        7655
           2
        7721
           2
        7787
           2
        7853
           2
        7919
           2
        7985
           2
        8051
           2
        8117
           2
        8183
           2
        8249
           2
        8315
           2
        8381
           2
        8447
           2
        8513
           2
        8579
           2
        8645
           2
        8711
           2
         100
           1
          -2
         132
           1
           2
          67
           2
         133
           2
         199
           2
         265
           2
         331
           2
         397
           2
         463
           2
         529
           2
         595
           2
         661
           2
         727
           2
         793
           2
         859
           2
         925
           2
         991
           2
        1057
           2
        1123
           2
        1189
           2
        1255
           2
        1321
           2
        1387
           2
        1453
           2
        1519
           2
        1585
           2
        1651
           2
        1717
           2
        1783
           2
        1849
           2
        1915
           2
        1981
           2
        2047
           2
        2113
           2
        2179
           2
        2245
           2
        2311
           2
        2377
           2
        2443
           2
        2509
           2
        2575
           2
        2641
           2
        2707
           2
        2773
           2
        2839
           2
        2905
           2
        2971
           2
        3037
           2
        3103
           2
        3169
           2
        3235
           2
        3301
           2
        3367
           2
        3433
           2
        3499
           2
        3565
           2
        3631
           2
        3697
           2
        3763
           2
        3829
           2
        3895
           2
        3961
           2
        4027
           2
        4093
           2
        4159
           2
        4225
           2
        4291
           2
        4357
           2
        4423
           2
        4489
           2
        4555
           2
        4621
           2
        4687
           2
        4753
           2
        4819
           2
        4885
           2
        4951
           2
        5017
           2
        5083
           2
        5149
           2
        5215
           2
        5281
           2
        5347
           2
        5413
           2
        5479
           2
        5545
           2
        5611
           2
        5677
           2
        5743
           2
        5809
           2
        5875
           2
        5941
           2
        6007
           2
        6073
           2
        6139
           2
        6205
           2
        6271
           2
        6337
           2
        6403
           2
        6469
           2
        6535
           2
        6601
           2
        6667
           2
        6733
           2
        6799
           2
        6865
           2
        6931
           2
        6997
           2
        7063
           2
        7129
           2
        7195
           2
        7261
           2
        7327
           2
        7393
           2
        7459
           2
        7525
           2
        7591
           2
        7657
           2
        7723
           2
        7789
           2
        7855
           2
        7921
           2
        7987
           2
        8053
           2
        8119
           2
        8185
           2
        8251
           2
        8317
           2
        8383
           2
        8449
           2
        8515
           2
        8581
           2
        8647
           2
