    2    2    1
    0    1    1
    2
    0
 55.300558536
 55.300558536
  1.000000000
  0.000000000
  0.000000000
  0.000000000
  0.000000000
  0.000000000
  0.000000000
  0.000000000
  5.000000000
  0.000000000
  0.000000000
  0.000000000
  0.000000000
  0.000000000
  0.000000000
  0.000000000
  0.000000000
  0.000000000
  0.000000000
  0.000000000
  0.000000000
  0.000000000
  0.000000000
  0.000000000
  0.000000000
  0.000000000
  0.000000000
  0.000000000
  0.000000000
  0.000000000
  0.000000000
  0.000000000
  0.000000000
  0.000000000
  0.000000000
  0.000000000
  0.000000000
  0.000000000
  0.000000000
  0.000000000
  0.000000000
  0.000000000
  0.000000000
    1
    1
    1
    1
    1
    0
    0
    0
    1
    1
    1
    1
    0
    0
    0
    0
    0
    0
    0
    0
    0
    0
    0
    0
    0
    0
    0
    0
    0
    0
    0
    0
    0
    0
    0
    0
    0
    0
    0
    0
    0
    0
    0
250.000000000
  0.001000000
  0.001000000
  0.100000000
    5
  100
